01_1_ksc0sxx0_000039-000067
12           -90.2705     3     3
72     -186.526115385    13    13
30     -334.117863846    13    10
90     -488.454270238    14    12
12     -682.358453846    13     8
69     -3176.25123333     3     3
96     -943.850535714    12     7
21         -2400.3785     5     2
69         -4360.7698     3     3
117    -1029.93349143    15     7
21     -1295.58196786    14     8
84         -1018.8845    21     8
66        -4518.10164     5     5
42     -1623.87121538    16    13
111     -1331.0628587    23    10
54     -5322.01083333     6     6
33     -5496.11481667     6     6
0      -374.114683446   208   185
33     -7264.18144545    11    11
36        -20156.5362     4     4
87     -3395.66199644    25     9
0      -9630.46747778     9     9
30     -14615.6780667     6     4
6      -3565.19716041    26    17
66     -10473.5188667     9     9
117    -2932.96397219    34    33
0      -1105.03610605   107    51
12       -23852.37884     5     5
72         -9327.1856    13    13
30        -40556.0361     3     3
0      -1573.69850763    89    48
33        -46909.7481     3     3
36     -47087.0171333     3     3
87     -11060.6210385    13    13
0      -20736.5725571     7     7
24       -29175.25579     5     4
6      -12355.9958167    12    12
87     -8906.40428294    17    10
24         -16993.534     9     9
57      -6864.9841087    23    23
117     -5609.2858931    29    29
0      -1195.24886706   157    53
12       -12714.36738    15    15
72     -63755.0533333     3     3
30     -63910.6407667     3     3
0      -1474.78538766   156   112
33     -33035.6431514     7     5
36     -21196.3059182    11    11
87     -11847.7330589    20     9
0       -18463.658741    13     9
69         -80243.708     3     3
12     -30299.7335625     8     6
63      -11684.962839    21    10
30       -49272.84592     5     5
6      -11394.4955727    22    18
72     -83771.2464333     3     3
12     -83928.4091333     3     3
66     -15932.4363388    16    10
30     -85164.9286333     3     3
0        -51243.55914     5     5
96       -12951.73423    20    12
81        -8305.25155    32    32
117    -8478.36604688    32    32
0      -1752.18017072   172    73
12     -17911.8336941    17    17
72       -101697.3947     3     3
30       -101892.0617     3     3
0      -1511.12390684   239   162
33        -45304.0554     8     8
36     -7876.57181915    47    47
87     -46457.0717875     8     8
0      -657.829776356   888   762
