01_1_ksc0sxx0_000001-000027
24                0.0     7     7
57                0.0     7     7
90                0.0    58    58
57                0.0    35    35
0                 0.0    43    43
30                0.0     8     8
57                0.0    33    33
0                 0.0    59    59
57                0.0    45    45
0                 0.0    42    42
36                0.0     9     9
45                0.0    21    21
0                 0.0    42    42
60                0.0    21    21
57                0.0     9     9
0                 0.0    83    83
42                0.0    18    18
27                0.0     3     3
0                 0.0    59    59
21                0.0    37    37
0                 0.0    13    13
60                0.0    15    15
42                0.0    32    32
0                 0.0    33    33
63                0.0    31    31
42                0.0    30    30
0                 0.0    40    40
36                0.0     7     7
66                0.0    29    29
0                 0.0    89    89
36                0.0    24    24
69                0.0     6     6
0                 0.0    61    61
36                0.0    24    24
72                0.0     3     3
0                 0.0    49    49
78                0.0    24    24
0                 0.0    27    27
84                0.0    16    16
57                0.0     7     7
63                0.0    15    15
114               0.0    57    57
105               0.0    41    41
0                 0.0    36    36
6                 0.0    34    34
87                0.0     8     8
0                 0.0    53    53
36                0.0    15    15
90                0.0    34    34
0                 0.0    83    83
96                0.0    15    15
57                0.0    32    32
0                 0.0    31    31
114               0.0    12    12
105               0.0    40    40
0                 0.0    66    66
108               0.0     3     3
57                0.0    30    30
0                 0.0    65    65
30                0.0     8     8
12                0.0     4     4
24                0.0     3     3
12                0.0     3     3
66                0.0     6     6
114               0.0     5     5
105               0.0    34    34
0                 0.0    97    97
36                0.0     8     8
63                0.0    29    29
90                0.0    22    22
0                 0.0   131   131
111               0.0     8     8
21                0.0    37    37
0                 0.0    45    45
12                0.0     5     5
72                0.0    25    25
30                0.0     3     3
117               0.0     5     5
57                0.0    25    25
0                 0.0   226   226
