01_1_ksc0sxx0_000031-000039
0      -209.955762186    36    31
111     -1154.9274025     8     5
36     -604.675722727    22    22
66     -799.179585507    23    15
0      -495.241776368    76    50
90     -1347.42531123    32    27
12        -3264.51877    14    10
69     -15440.3008667     3     3
96     -2352.83206667    21    11
21     -4650.70762045    11     4
69         -7576.2442     7     7
117    -2056.69166429    28    14
33     -8425.43552857     7     7
42     -6781.68957778     9     9
45     -3063.88530327    21    16
21     -2657.86803761    26     9
96       -14059.47952     5     5
0      -6602.15279091    11    11
90     -2173.29937937    36    14
12        -9974.47875     8     8
69        -20161.4717     4     4
96     -3130.66300448    27    19
21     -14262.1549583     6     4
69        -28770.3738     3     3
117    -3915.64184472    23    14
33     -30202.7881333     3     3
42     -5230.49884444    18    18
0      -2020.77409155    53    21
30     -13550.0615475     8     5
78     -5608.00002167    20    15
72     -37593.4062333     3     3
96     -16230.4095107     7     4
0      -733.902107649   219   149
