01_1_ksc0sxx0_000027-000031
21     -130.215366667     3     3
51        -283.503575     4     4
9          -398.95695     6     4
108       -826.271875     4     4
90        -1006.66955     4     4
54     -1503.35516667     3     3
90     -638.699784444     9     5
96     -979.812564286     7     4
39     -583.701157265    18    13
117    -934.547739286    14     8
0      -496.174987945    46    44
24     -3393.35195238     7     3
12         -8163.6571     3     3
96     -4243.74156667     6     6
21        -2305.85365    12     6
30     -4812.83100667     6     5
78       -7429.962775     4     4
72        -10097.4453     3     3
96     -10249.6925667     3     3
51     -2562.28409462    13    10
9          -6858.6501     5     5
108       -3564.41656    10     4
36     -2903.20117265    13     9
72       -9644.740825     4     4
57     -3390.10796667    12     6
24     -4215.39959889    10     9
87     -7230.85479333     6     5
12     -4506.75984667    10     6
33       -5831.551825     8     8
39     -3311.31665429    15    14
117    -2429.52841818    22    22
0      -662.486464815   108   108
