01_1_ksc0sxx0_000067-000078
33      3.63174236403
42      4.17033946894
0       95.6180950896
84      23.2996319579
66      4.16093388379
42       12.841272383
111     11.6563786213
54      12.0423361802
33      3.53997556798
0       24.4170065334
69      4.58791446882
21      3.88559640984
0       184.549687301
69      9.07492016018
6       28.9709958173
69      5.97812703423
99      32.3180986561
54      12.6031096582
75      11.9572438163
63      7.04171405384
90      11.2348683189
33      4.96123941738
9       16.1070741218
96      4.32110228897
0       49.7078864746
93      19.0222063108
57      16.1127331319
30        4.061050452
12      16.3064097233
117     10.5453867412
12      16.0043173622
72      3.70747052646
96      3.26938618505
111     14.4064663326
6       7.30214972738
72       5.5343585081
96      3.25333577164
12      3.59692947084
90      23.5811573927
0       52.1541656963
96      8.60608079349
105     7.19347121772
84      28.0012044864
66      3.99588300333
42      3.87804161515
0       562.189414739
111     4.36015020472
54      4.73765478812
33      4.79943217968
0       211.928380778
