01_1_ksc0sxx0_000027-000031
21      4.09908295091
51      5.67564269765
9       8.79779109772
108     5.06483047658
90        5.222092066
54      3.68828257235
90      11.1992150907
96      8.15693108714
39      25.8741975344
117     18.1985913677
0       86.1547705875
24      8.11998332954
12      3.96302532197
96      6.87301166521
21      16.1257479271
30      7.71705043356
78      5.66981973188
72      4.19774108779
96      3.33377537625
51      17.9665554473
9       6.54967069952
108     12.2647664447
36      14.8971908839
72      5.25877185067
57      16.8737662736
24      11.2588691893
87      8.75648479686
12      12.4932299568
33       10.198610905
39      21.8084328974
117      28.210014781
0       149.209230277
