10_3_ksa3vxx0_000059-000063
AY2_S  -18.0542666667     3     3
LAU          -5.12518     4     4
W_S    -11.1592633333     3     2
AA2_S  -31.6004766667     3     3
Z_S    -26.8709733333     3     2
P_S        -7.3476375     4     2
L_S          1.117014     5     2
EY2    -7.99556166667     3     2
IH2_S  -2.41662666667     3     1
NG_S        -0.598624     5     2
B_S           0.66886     4     4
AE2_S  -2.57098971429    14     5
S_S          -1.40527     5     2
K_S        -3.8879725     4     2
AH0_S       -13.78412     3     1
T_S     3.67230666667     3     2
B_S          9.807915     4     1
AO2_S        0.120974     5     3
L_E         -0.568462     5     4
W_S    -10.4563266667     6     2
IH2_S        0.081655     4     2
DH_E          2.32289     3     1
S_S            1.0407     8     3
AH2_S       1.7028425     4     2
M_S         -2.599525     6     3
F_S    -2.41437926136    16    11
R         -8.54087125     8     4
EH2_S  -8.33393912088    13     7
N_S    -1.30539545455    11     7
D_S        -2.7421025     4     2
Z_S     1.44072311765    17    10
LAU               0.0     9     9
AH2_S  -2.18354091667    30    24
N_S    -2.17586333333     3     2
D_S         -0.665015     4     3
W_S       -2.59231625    10     8
AH2_S         2.44976     3     1
N_S        -4.9070725     4     2
AH2_S         1.55306     4     2
V_S    0.874008333333     3     2
DH_S   -1.01177166667     4     3
EH2_S       -2.225355     4     2
M_S     4.53646833333     6     3
F_S    -1.61268133333     9     5
EH2_S  -1.88697464286     7     4
L_S     2.33321694444     9     8
AA2_S        -1.81344     3     3
N_S    -4.68337166667     3     2
M_S    -2.27408066667     5     3
AY2_S   3.75638583333     8     3
F_S    -2.66252666667    15    10
UH2_S   1.86645111111    18     6
T_S    -5.53104732632    25    19
LAU   0.0289134482759    29    29
