10_3_ksa3vxx0_000022-000029
Y_S   -0.543673333333     3     3
UW2_S -0.489303333333     3     3
T_S    -24.3867866667     3     2
IY2_E  -46.7208033333     3     3
AO2_S      2.56272625     8     4
F_S    -5.68379636364    11     5
LAU    -4.20998789116    49    21
S_S    -3.81375846154    13     6
AH2_S       -9.292786     5     3
M_S         -6.382273     5     2
TH_S    1.01500535714     8     7
IH2_S       -4.007345     4     4
NG_S   -12.2162816667     3     2
DH_S         -1.52309     4     2
AE2_S         1.99806     4     2
T_S   -0.620133333333     6     3
IH2_S        -1.76981     5     2
Z_S          0.223805     6     3
K_S       -2.17774375     8     4
AO2_S   3.19686464286     7     4
L_S   -0.831839166667     8     3
D_S   0.00944333333334     6     4
AH0_S      1.24437875     8     4
T_S   -0.697749090909    11     5
IY2_E         2.26209     8     4
B_S    -6.87810333333     6     3
AA2_S  -10.4859906944    18     8
K_S     5.09837095238     7     3
S_S   -0.959227121212    11     6
AH0_S        7.756235     4     1
N_S    -2.41210585784    24    17
D_S       -1.54612625     8     6
LAU      -8.339807375    16    10
HH_S   -4.12577333333     9     3
OW2_S  -1.51737466667    10     3
P_S     4.75232533333     5     3
F_S     2.79593666667     4     3
AH0_S         1.98323     3     3
L_S         14.968555     3     2
IY2_S  -2.27317666667     3     3
Y_S    -15.2262766667     3     3
UW2_S        1.026616     5     5
L_S          -3.92251     6     4
HH_S    -1.6008647619     7     6
IH2_S         -1.2313     4     2
T_S         0.4223725     4     2
IH2_S       -1.648908     5     2
N_S         -1.114791     5     2
T_S    -3.44822428571     7     3
UW2_S       -6.026815     3     2
DH_S   -9.07892333333     3     1
AH0_S  -1.15805833333     3     2
F_S         -9.739035    16     8
EH2_S        9.354275     4     2
R_S          7.105599    10     5
W_S     1.41123466667     5     3
EY2_S  0.950416666667     3     2
W_S          1.472946    11     5
IH2_S        -4.16821     3     1
CH_S   -2.90829142857     7     4
HH_S   -6.87744333333     3     3
AE2_S  -2.41217033333    10     3
Z_S    -2.64264723214    16    14
LAU               0.0     4     4
R_S     1.14473416667     6     4
IH2_S        -3.18125     3     2
L           -2.317595     8     4
IY0_S         1.84951     3     1
SH_S   -4.53507428571    14     5
AO2_S       1.5595925     4     2
R_S   -0.976613333333     6     3
T_S         -2.841585     4     1
LAU    -9.01497688458    59    21
G_S       -10.1385625     8     4
R      -9.92943833333     6     3
AE2_S  -2.55641888889    18     9
S_S   -0.224178142857    14     5
LAU   -0.0426616176471    68    68
