10_3_ksa3vxx0_000001-000022
LAU               0.0    17    17
AH2_S  -4.31504875556    36    25
LAU   -0.489207028986    24    23
B_S        -0.2655875     4     2
IY2_E 0.0185650322581    31    20
LAU   0.0566876190476    21    21
S_S    -5.68914482843    24    17
IY2_E  -4.83383672365    27    13
LAU    -1.70562610821    49    43
D_B          -3.95122     6     3
IY1_E  -2.00696580645    31    19
LAU         -0.168698    40    40
IY2_S  -5.35671717647    34    20
LAU   -0.0256314285714    49    49
EH2_S -0.326813291925    23    14
F_S     0.27741544186    43    15
JH_S   -11.3464783681    32    18
IY2_E  0.930706428571     7     4
LAU   -0.785611088803    37    35
EY2_B      -3.6817744    25    16
CH_S    1.59303118881    22    13
LAU   0.0381042105263    19    19
AY2_S  -3.89492366667    48    20
JH_S  -0.466719166667    30    20
EY2_S   3.78005610294    34    16
K_S     7.68837958333    24    12
EY2_S  -7.36661861111    28    18
LAU               0.0    34    34
EH2_S  -10.2345055502    19    11
L_S   -0.913244555556    27    10
LAU    0.492865994152    19    18
EH2_S  -3.52659316176    24    17
M_S     6.57659833333     9     4
LAU         -0.322992    30    30
EH2_S  -4.44605756039    23    18
N_S     7.52900166667     6     3
LAU   -0.637588957983    35    34
OW2_S  -9.71836933227    37    17
P_S    -1.99186627778    45    40
IY2_E -0.749152135076    27    17
LAU   -0.687961323529    68    68
K_S   -0.0810833333333     3     1
Y_S     10.7490106061    11     6
UW1_S   6.78912380435    23    12
LAU               0.0    47    47
AA2_B   7.71565968531    26    11
R_S    -10.8060121065    27    16
LAU    -0.45874743536    54    53
EH2_S  -1.52930657576    22    15
S_S    -8.47179577652    48    22
T_B    -4.68968446154    13     5
IY2_E  -18.2435495714    28    20
LAU               0.0    23    23
Y_S      2.2020286166    23    11
UW1_S   7.65977202381    21     8
LAU     3.14323631579    19    19
V_S          -1.90566     4     2
IY2_E  -2.64353809331    29    17
LAU               0.0    18    18
D_B    -2.40417266667    10     6
AH2_S        1.416635     5     2
B_S         0.5653025     4     2
AH0_S        0.648775     5     2
L_S        -5.3092975     4     2
Y_S     2.72026416667     8     3
UW2_S   1.50493714286    14     7
LAU               0.0     3     3
EH2_S  -2.39649437908    17     9
K_S         2.7243225    10     4
S_S    -3.87375144444    18    10
W_S     1.24198569231    13     5
AY2_S  -1.83474054945    13     7
Z_B    0.885381923077    26    13
IY2_E  -1.34434004329    21    11
LAU    -2.76726441534   320   275
