10_3_ksa3vxx0_000063-000065
AH2_S  -7.28224666667     3     3
N_S    -13.3237166667     3     3
D_S    -8.82851666667     3     3
HH_S   0.381472077922    11     7
IY2_E      -0.7316725     4     2
W_S     9.02318833333    17     6
EY2_S  -1.10869047619     7     3
Z_S     2.57098805556     9     4
OW2_S        6.866702     5     2
V_S   -0.846976666667     3     1
ER2_S   2.33695166667     6     3
T_S    0.361370833333     6     4
UW2_S      -11.160625     3     2
HH_S       -16.655275     3     2
AH2_S   1.32385333333     3     2
N_S    -4.45947666667     3     1
D_S        -23.161345     3     2
R      -29.5642866667     3     3
AH2_S  -23.5457716667     3     2
D_S    -14.7566883333     3     2
P_S    -10.9926133333     3     2
AW2_S  -4.62892947368    19    13
N_S          0.377868     5     2
D_S    -3.76311833333     6     3
Z_S    -8.54900916667     9     4
LAU    -6.00706445455    55    22
