10_3_ksa3wxx0_000004-000016
AH2_S       -4.695382     5     5
LAU    -5.26313831169    11     7
B_S    -1.22610642857     7     4
IY2_E   1.24170583333    18    12
LAU    -7.05199666667     3     2
S_S         -4.570783     5     2
IY2_E   1.40690202279    27    13
LAU           0.37159     8     8
D_B    -5.51690666667     3     2
IY1_E   2.69072566667    15    10
IY2_S         4.12584     4     4
EH2_S   2.53117531674    26    17
F_S    0.382155166667    15     8
JH_S   -1.46584433333    15    10
IY2_E  -1.36326397177    31    16
LAU          0.602328     5     4
EY2_B -0.384610705882    17    10
CH_S    1.34738090226    19     7
AY2_S  0.344562380952    18     7
JH_S   -3.63736666667    12     6
EY2_S  -10.7317616364    11     5
K_S   -0.211624603175    14     9
EY2_S  -3.12232724638    23    12
EH2_S   1.55748777778     9     6
L_E     4.77788033333    18    10
EH2_S   4.75624285714     7     3
M_S    -2.91747555556     9     3
EH2_S  -7.23775611111     9     4
N_S    -4.72174666667     6     3
OW1_S  -2.85116646154    13     5
P_S    -1.70066272727    11     4
IY2_E  -1.30905611111    24    18
K_S    -5.60338561818    50    33
Y_S     12.7520177778     9     4
UW2_S -0.278227738095    12     7
AA2_B   2.47142651316    19     8
R_S    0.306048770053    17    11
EH2_S  -7.95720555556    18     9
S_S    -2.44049043269    26    16
T_B    -4.29289644444     9     5
IY2_E  -10.0296718414    23    17
Y_S        -3.2716525    12     6
UW2_S   2.36953059524    12     7
V_S     6.49034166667    11     6
IY2_E  -2.45314837607    26    18
LAU      1.3469742619    21    20
D_B          0.137876     5     3
AH2_S        0.360526     5     3
B_S         -2.312684     5     2
AH0_S         3.73281     4     2
L_S    -2.46907166667     6     3
Y_S         5.1169525     9     4
UW0_S      -2.0314905    16    10
EH2_S  -0.60259627451    17     9
K_S       -2.11952325     8     5
S_S    -2.74921214286    28    14
W_S        -0.6639015    20     8
AY2_S   1.34028530769    13    10
LAU    -2.42019664286    20     7
Z_S          0.057501    10     3
IY2_E     1.141038125    16     9
LAU    -3.38113695242   333   256
