10_3_ksa3wxx0_000016-000020
AY2_S       -3.845518     5     2
L_S    -10.3189733333     3     1
AY2_S  -13.9494566667     3     2
K_S    -10.1682533333     3     2
R_S    -2.97603666667     3     1
OW2_S  -7.09382166667     3     2
L_E           2.47582     6     3
ER2_S  -12.9194366667     3     2
B_S    -6.49469333333     3     3
L             0.41894     3     3
EY2_S   1.98830666667     3     1
D_S   -0.801213333333     3     3
IH2_S  -1.52134583333     4     3
NG_S   -4.88960914479    43    31
LAU    -5.11654438914    26    17
B_S     4.34428166667     3     2
IH2_S  -1.10690365079     9     7
K_S    0.538736666667     3     1
AO2_S  -4.56258191304    23    15
Z_S    -4.12166286957    40    23
LAU         -8.705195     4     3
IH2_S   -7.1856608547    18    13
T_S     4.47153214286     8     7
G_S    -15.7920333333     3     3
IH2_S  -17.0693566667     3     3
V_S         -17.14508     3     3
Z_S    -9.11756666667     3     3
LAU     1.30898511111    10     9
M_S     2.17276577778     9     5
IY2_S         3.94291     6     3
F_S    -4.56916666667    12     4
UH2_S        1.877195     5     4
L_S         -3.345142    10     4
IH2_S  -5.39677866667     5     3
K_S           6.71066     3     1
S_S    -3.63170166667    12     4
AY2_S   2.45791133333    10     6
T_S        -0.0542425     4     2
M_S       -1.16746925     8     5
AH0_S       -1.614028    11     5
N_S   -0.950393333333     5     3
T_S         -2.825804     9     5
LAU    -4.00551411111    45    10
