10_3_ksa3vxx0_000029-000032
AO2_S       -14.21213     3     2
R_S     5.97380666667     3     2
Y_S        2.94812725     8     5
UW2_S          0.4751     5     3
M_S           -0.0825     7     4
AY2_S     -7.68534125     8     3
T_S           0.78747     6     2
IH2_S   3.04688958333     8     3
N_S         0.9691175     4     2
T_S          3.305025     8     4
UW2_S        1.904732     5     2
R_B     1.09980016667    20    12
AH2_S  -7.01147166667     6     3
F_S     2.39234166667     8     3
W_S         -7.149403     5     2
IH2_S  0.869793333333     3     1
CH_S   -3.00139464286     7     4
HH_S        -0.164675     3     2
AE2_S  0.172948666667     5     3
Z_S    -1.05898333333     7     3
L_S       -0.16742125     8     4
AO2_S  0.793340307692    13     5
NG_S         -7.75204     5     3
G_S            2.4309     4     2
ER2_S      1.79912125     8     4
G_S           0.56024     6     2
R           -2.031179    10     5
AE2_S  -6.21484805556    18     8
S_S        -1.1920975    16     6
LAU    -10.0287998976    81    41
