10_3_ksa3vxx0_000048-000056
AY2_S  -2.66100666667     3     1
M_S         -0.538025    14     7
G_S    -7.08833458333     8     3
OW2_S   13.2037442308    13     6
IH2_S  -8.29086666667     8     3
NG_S    2.40467733333     5     3
T_S    -1.76572183333    12     5
UW2_S  -4.89314955466    19    13
LAU     7.59237688312    14    11
S_S    -9.65446791667     8     3
IY2_E   1.34338166667     6     4
DH_S        -0.052492     5     3
AH0_S        -0.91956     4     2
K_S          0.636857    10     6
AA2_S      2.98081125     8     5
N       1.55884933333     5     3
S_S    -6.86880208333     8     6
ER2_S  -6.41816333333     3     3
T_S     7.71141333333     3     3
AE2_S      -6.6150375     4     2
T_S    -7.32172866667     5     3
P_S     1.73599904762     7     3
AO2_S   1.24483666667     6     4
R_S          1.483091     5     2
T_S         0.3355375     4     4
L      -2.51180833333     6     2
AH2_S      -1.4350975     4     2
N_S     9.53757666667     3     1
D_S               0.0     3     3
M_S          0.111195     6     3
EH2_S -0.652999583333     8     3
D_S          2.929492     5     3
OW2_S  -1.44861215278    16     9
Z_S   -0.899423238095    21    15
LAU               0.0    66    66
AA2_B  -4.18350194444    18     8
N_S          2.040715     6     3
S_S    -6.95520571429     7     3
EH2_S        -1.41699     4     2
P_S          0.357784     5     3
T_S    -2.86794952381     7     3
EH2_S       -0.873369     5     2
M_S          -1.69989     3     1
B_S   -0.0815433333333     3     2
ER2_S -0.0463716666667     6     3
TH_S   -0.69734447619    15     7
ER2_S  -8.88137714286    21     8
D_S    -5.30906208333     8     6
LAU    0.709504027397   365   365
