10_3_ksa3vxx0_000037-000040
LAU               0.0    14    14
AY2_S  -6.71620681818    11     6
M_S        -2.7467645     8     5
G_S    -4.81650166667     8     3
OW2_S  -1.07254916667     9     4
IH2_S  -2.27646833333     6     3
NG_S          3.43852     3     1
T_S    -3.56135666667     3     1
UW2_S        -0.29004     4     2
G_S    -1.28107583333     9     4
OW2_E   6.21157771429    15     7
T_S    -3.00258752381    15     7
UW2_S  -4.34992263158    38    19
LAU     6.50645689394    36    11
M_S    -7.41127409091    11     4
AH2_S       8.9292425     4     2
T_S    -2.92322424242    11     6
AE2_S -0.871195833333    12     9
L_S          6.223625     4     2
IH2_S      -9.3488675     4     2
K_S          4.381611     5     2
AH0_S        0.873247     5     2
K_S          1.984812     8     5
AA2_S  -2.67766142857    13     7
N      -1.29966214286     7     4
S_S    -1.01223622222     9     5
ER2_S  -10.2757414286    16     7
T_S        -7.8394925     4     2
LAU               0.0     6     6
