01_1_ksc0sxx0_000078-000091
0                 0.0
111    -88.3595571429
12          -208.2826
72          -352.1821
54         -106.07188
117    -117.001472727
0         -327.412775
45     -483.962033333
21     -157.421442857
108         -455.7913
0      -30.5738313187
111    -381.316816667
12     -2338.83563333
72       -1825.155075
54           -530.596
117    -486.607255556
0      -64.0734789474
96          -596.4174
105    -1380.17026364
12        -3068.53032
72     -5139.30923333
30     -5139.08216667
0      -74.4317288991
111    -614.171642857
12     -5774.78383333
72         -5850.1091
54        -1812.58299
117    -802.337678261
90        -756.948104
54       -2421.075475
63     -1391.49852143
90         -793.28842
0      -93.2733524272
