01_1_ksc0sxx0_000067-000078
33                0.0
42     -26.3416333333
0            5.336966
84      40.3835578947
66            214.689
42      43.2363333333
111     37.0529777778
54           37.77605
33      130.977566667
0       70.7877666667
69      464.953166667
21      468.382666667
0          30.7940624
69      599.096183333
6           165.52975
69         787.808775
99      171.509865517
54          497.53973
75          530.43251
63           912.3086
90      626.297077778
33        1404.833025
9            441.5169
96        1463.324125
0       200.615253846
93      330.389072222
57      462.667976923
30      1973.80643333
12           472.8747
117        770.593625
12           489.8833
72          2132.8917
96      2168.62103333
111          641.0009
6            1252.202
72          1549.3583
96          2080.5323
12      2076.79603333
90          354.16223
0       234.176734783
96       1383.5667125
105         2182.7775
84      498.612366667
66      3977.66866667
42      3975.66233333
0        21.292201227
111     2279.55013333
54         1717.37795
33          1724.0614
0       54.1697529801
