01_1_ksc0sxx0_000027-000031
21                0.0
51         -21.901725
9      -65.8235166667
108        -113.31215
90        -116.050425
54     -142.767933333
90     -3.01255555556
96      13.5965142857
39      6.97333333333
117     30.7578285714
0      -21.7265847826
24     -114.373457143
12     -283.634866667
96     -128.445933333
21           -52.9608
30     -106.998983333
78         -183.93135
72     -261.226433333
96          -246.3309
51     -48.0488461538
9          -137.91442
108         -26.20519
36      28.5211461538
72          84.474375
57          46.061925
24           116.7616
87      167.938233333
12          120.36996
33        156.8682375
39      89.6279066667
117     87.7917636364
0       43.4160342593
