01_1_ksc0sxx0_000031-000039
0                 0.0
111       -17.7975875
36      54.4703363636
66      66.0992869565
0      -23.7994947368
90     0.577587499999
12            39.9012
69      186.390133333
96      106.849271429
21      232.245718182
69      383.514657143
117     168.635821429
33           690.0323
42      527.027377778
45      301.273785714
21      291.477119231
96         1540.51786
0       712.805927273
90      271.125688889
12       1256.0295625
69         2465.13345
96      461.892907407
21      2089.25371667
69      4128.94316667
117     613.196717391
33          4657.1205
42      818.515705556
0       240.643271698
30          1605.1067
78         710.894775
72      4708.80076667
96      2070.17891429
0       66.7766707763
