01_1_ksc0sxx0_000001-000027
24                0.0
57                0.0
90                0.0
57                0.0
0                 0.0
30                0.0
57                0.0
0                 0.0
57                0.0
0                 0.0
36                0.0
45                0.0
0                 0.0
60                0.0
57                0.0
0                 0.0
42                0.0
27                0.0
0                 0.0
21                0.0
0                 0.0
60                0.0
42                0.0
0                 0.0
63                0.0
42                0.0
0                 0.0
36                0.0
66                0.0
0                 0.0
36                0.0
69                0.0
0                 0.0
36                0.0
72                0.0
0                 0.0
78                0.0
0                 0.0
84                0.0
57                0.0
63                0.0
114               0.0
105               0.0
0                 0.0
6                 0.0
87                0.0
0                 0.0
36                0.0
90                0.0
0                 0.0
96                0.0
57                0.0
0                 0.0
114               0.0
105               0.0
0                 0.0
108               0.0
57                0.0
0                 0.0
30                0.0
12                0.0
24                0.0
12                0.0
66                0.0
114               0.0
105               0.0
0                 0.0
36                0.0
63                0.0
90                0.0
0                 0.0
111               0.0
21                0.0
0                 0.0
12                0.0
72                0.0
30                0.0
117               0.0
57                0.0
0                 0.0
