01_1_ksc0sxx0_000039-000067
12                0.0
72     -4.91098461538
30      4.99483846154
90     -13.9111428571
12     -19.6701153846
69     -116.850166667
96         -30.735125
21         -145.74846
69     -313.940666667
117    -68.0215266667
21     -107.038314286
84     -71.3850190476
66         -375.39382
42        -172.288175
111    -170.607847826
54     -707.364316667
33     -738.303383333
0      -59.5046956731
33     -1158.54947273
36       -3228.688175
87        -547.702188
0      -1522.86401111
30        -2330.36555
6      -576.201057692
66     -1680.85552222
117    -446.438679412
0      -145.852201869
12        -3171.73994
72     -1209.69750769
30     -5249.93356667
0       -218.31688764
33     -6524.36306667
36     -6570.33033333
87     -1547.43760769
0      -2924.91225714
24        -4128.33336
6      -1753.36730833
87     -1270.00221765
24     -2406.76546667
57     -1001.20068696
117    -801.135017241
0      -132.010752866
12        -1413.56166
72         -7110.4091
30     -7123.72153333
0      -206.895813462
33          -4645.666
36     -2967.40304545
87        -1678.01357
0      -2637.18636154
69     -11519.2048333
12       -4394.915775
63     -1658.05788571
30        -7017.31898
6      -1635.90922273
72        -12048.9909
12     -12074.3585667
66     -2307.65659375
30     -12308.0120333
0         -7397.72142
96        -1838.69565
81     -1201.28363125
117      -1216.816775
0      -223.008460465
12     -2274.74099412
72     -12961.5955333
30     -13013.2851667
0      -217.227415063
33      -6503.8281625
36     -1106.86288085
87      -6541.8374625
0      -109.047722973
