10_3_ksa3vxx0_000048-000056
LAU    -5.85711537815    17     7
G_S    -7.66953958333     8     3
OW2_S   13.3580003846    13     6
IH2_S  -8.29086666667     8     3
NG_S   -5.36311666667     3     3
LAU       -14.1972025     4     2
LAU     -15.973051685    42    13
S_S        -11.720856    10     4
IY2_E  -11.0945633333     6     3
LAU        -10.226405     8     2
K_S         -1.888592    10     6
AA2_S      2.98081125     8     5
N       1.55884933333     5     3
S_S    -6.86880208333     8     6
ER2_S  -6.41816333333     3     3
T_S     7.71141333333     3     3
AE2_S      -6.6150375     4     2
T_S       -11.4381175     4     2
LAU    -13.1057566667     3     3
LAU    0.626585428571    28     5
M_S    -6.93730238095    14     3
EH2_S -0.652999583333     8     3
D_S          2.929492     5     3
OW2_S  -1.44861215278    16     9
Z_S   -0.899423238095    21    15
LAU   -0.0607589393939    66    66
AA2_B  -4.32608527778    18     8
N_S          2.040715     6     3
S_S    -6.95520571429     7     3
EH2_S        4.092864     5     2
P_S           1.22332     4     3
T_S    -2.86794952381     7     3
EH2_S      -0.4380275     4     2
M_S     1.31055333333     3     1
B_S    -1.79699333333     3     2
ER2_S -0.157245714286     7     3
TH_S   -0.69734447619    15     7
ER2_S  -8.88137714286    21     8
D_S    -5.30906208333     8     6
LAU    0.573042931507   365   365
