10_3_ksa3vxx0_000063-000065
LAU   0.0949033333333     9     9
HH_S   -1.12989728571    10     7
IY2_E        -2.63211     3     2
LAU         -3.307835     4     2
LAU    -17.3022664583    32     6
OW2_S       -8.753065     4     2
V_S        -1.5710475     4     1
ER2_S -0.656911666667     4     3
LAU    -12.8500591667     6     4
HH_S   -24.4680633333     3     1
AH2_S  -16.5571066667     3     3
N_S    -6.71288666667     3     1
D_S   -0.289816666667     3     1
R      -7.88286666667     3     3
AH2_S        -8.37819     3     3
D_S    -8.88031533333     5     3
P_S          -9.63921     5     3
AW2_S  -4.27027210526    19    13
N_S          0.377868     5     2
D_S    -3.39036666667     5     3
Z_S    -6.78355138889     9     4
LAU    -6.45135626623    56    22
