10_3_ksa3wxx0_000004-000016
OW2_S  -25.7961666667     3     3
LAU    -4.67745418803    13     9
B_S    -1.22610642857     7     4
IY2_E  -4.71154834758    54    13
LAU           0.09599     5     5
OW2_S  -14.9073833333     3     3
D_B           3.43109     3     2
IY1_E   3.22155132275    27    14
EH2_S         -0.9433     6     6
N_S     4.43503333333     3     2
EH2_S       -7.043716     8     5
F_S    0.382155166667    15     8
JH_S   -1.46584433333    15    10
IY2_E    -1.509320625    32    16
LAU     3.46525047059    34    10
P_S    -16.1800433333     3     3
IY2_E  -8.40347333333     3     3
AY2_S  0.743959047619    18     7
JH_S   -3.63736666667    12     6
EY2_S  -10.7317616364    11     5
K_S   -0.211624603175    14     9
EY2_S  -3.12232724638    23    12
EH2_S   2.08341533333    10     6
L_E     4.59293082353    17    10
EH2_S   4.75624285714     7     3
M_S    -2.91747555556     9     3
EH2_S  -7.23775611111     9     4
N_S    -4.72174666667     6     3
OW1_S  -2.85116646154    13     5
P_S          -2.20558    11     4
IY2_E  -1.30905611111    24    18
K_S    -5.60338561818    50    33
Y_S     12.7520177778     9     4
UW2_S -0.278227738095    12     7
AA2_B   2.70769809211    19     8
R_S    0.306048770053    17    11
EH2_S  -7.95720555556    18     9
S_S      -2.401698125    26    16
T_B    -4.29289644444     9     5
IY2_E  -3.90393314578    23    17
Y_S    -3.17827782051    13     6
UW2_S   3.35489051948    11     7
V_S     6.49034166667    11     6
IY2_E  -2.45314837607    26    18
LAU      1.3469742619    21    20
D_B          0.137876     5     3
AH2_S        0.360526     5     3
B_S          -0.43787     4     2
AH0_S        2.119111     5     2
L_S    -2.46907166667     6     3
Y_S         5.1169525     9     4
UW0_S      -2.0314905    16    10
EH2_S  -0.60259627451    17     9
K_S       -2.11952325     8     5
S_S    -2.72546214286    28    14
W_S        -0.6639015    20     8
AY2_S   1.34028530769    13    10
LAU    -2.42019664286    20     7
Z_S          0.057501    10     3
IY2_E     1.141038125    16     9
LAU    -3.38113695242   333   256
