10_3_ksa3vxx0_000059-000063
LAU     6.30906487179    13     9
V_S    -24.3639866667     3     2
IY2_E  -31.2468516667     3     2
W_S        -17.059446     5     3
AA2_S  -6.91010333333     5     3
Z_S    -10.6564466667     3     2
LAU    -7.47242666667     3     1
B_S         0.8347725     5     4
AE2_S  -2.57098971429    14     5
S_S          -1.40527     5     2
K_S        -3.8879725     4     2
AH0_S       -13.78412     3     1
T_S     3.67230666667     3     2
B_S          9.807915     4     1
AO2_S       0.7596625     8     3
L_S    -21.2420355556     9     2
LAU    -7.67171833333     3     2
S_S   -0.882498181818    11     3
AH2_S       1.7028425     4     2
M_S         -2.599525     6     3
F_S    -2.12800676136    16    11
R      -6.89564666667     9     4
EH2_S      -9.6873775    12     6
N_S         -1.340143    10     7
D_S    -2.21225466667     5     3
Z_S     1.30078370588    17    10
LAU    -2.44471982143    42    24
LAU         -4.878595     3     2
W_S    -1.87209534091    11     8
AH2_S         2.44976     3     1
N_S        -4.9070725     4     2
AH2_S         1.55306     4     2
V_S    0.874008333333     3     2
DH_S   -1.01177166667     4     3
EH2_S       -2.225355     4     2
M_S     4.53646833333     6     3
F_S    -1.61268133333     9     5
EH2_S  -1.88697464286     7     4
L_S     2.33321694444     9     8
AA2_S        -1.81344     3     3
N_S    -4.68337166667     3     2
M_S    -2.27408066667     5     3
AY2_S   3.75638583333     8     3
F_S    -2.66252666667    15    10
UH2_S   1.35945055556    18     6
T_S    -5.53104732632    25    19
LAU   0.0289134482759    29    29
