10_3_ksa3vxx0_000037-000040
LAU          3.997315    32    14
G_S          -5.81856     9     3
OW2_S      -0.5864625     9     4
IH2_S  -2.27646833333     6     3
NG_S          -1.7047     6     1
LAU         -8.032685     5     2
G_S    -2.14170222222     9     3
OW2_S   1.46429438095    15     7
LAU     -11.483026303    41    19
LAU          -6.72081     6     6
LAU     5.96525614191    41    11
M_S    -7.41127409091    11     4
AH2_S       8.9292425     4     2
T_S    -2.92322424242    11     6
AE2_S -0.871195833333    12     9
L_S          6.223625     4     2
IH2_S      -9.3488675     4     2
K_S          4.381611     5     2
AH0_S        0.873247     5     2
K_S          1.646182     8     5
AA2_S  -2.67766142857    13     7
N      -1.29966214286     7     4
S_S    -1.01223622222     9     5
ER2_S  -8.47450809524    15     7
T_S          -9.57454     5     2
LAU               0.0     6     6
