10_3_ksa3vxx0_000001-000022
LAU    -2.04596667391    40    23
AA2_B  -26.2399983333     3     2
R_S         -17.32917     3     3
LAU    -6.02473336232    30    23
B_S          1.238479     5     2
IY2_E -0.123763354839    31    20
LAU    -10.5580561416    43    22
K_S    -16.2969433333     3     2
Y_S     1.30483146154    20    13
UW1_S       -3.407666     5     5
LAU    -2.18928808372    50    43
D_B          -3.95122     6     3
IY1_E  -2.82813935484    31    19
LAU     -3.4367283871    62    42
EH2_S         3.10069     8     8
M_S         1.0926975     4     4
LAU         -0.066952    50    50
EH2_S  0.808128961039    22    14
F_S    0.269850790698    43    15
JH_S   -11.3464783681    32    18
IY2_E          1.3169     8     4
LAU    -5.38935395865    76    35
Z_S    -12.4567033333     3     2
IY2_E  -2.69312416667     6     4
LAU   0.0425870588235    17    17
AY2_S  -3.80017095833    48    20
JH_S  -0.466719166667    30    20
EY2_S   3.53397610294    34    16
K_S     7.68837958333    24    12
EY2_S  -7.36661861111    28    18
LAU    0.701639705882    34    34
EH2_S   -12.270327451    17     9
L_S   -0.499637275862    29    10
LAU    0.492865994152    19    18
EH2_S  -3.52659316176    24    17
M_S     6.57659833333     9     4
LAU         -0.322992    30    30
EH2_S  -4.44605756039    23    18
N_S          4.592066     5     3
LAU   -0.567853251634    36    34
OW2_S  -9.60070744038    37    17
P_S    -1.99186627778    45    40
IY2_E 0.0343743891403    26    17
LAU               0.0    69    69
K_S   -0.0810833333333     3     1
Y_S     10.7490106061    11     6
UW1_S   6.78912380435    23    12
LAU               0.0    47    47
AA2_B   8.25137360269    27    11
R_S    -11.2947951795    26    15
LAU               0.0    53    53
EH2_S  -1.01431565217    23    16
S_S     5.36182093212    47    21
T_B    -2.72476171429    14     5
IY2_E      -10.338896    28    20
LAU               0.0    23    23
Y_S   -0.237033923445    19    11
UW2_S        0.469506    15     5
V_S     -1.4581331357    33    23
IY2_E  -2.64353809331    29    17
LAU               0.0    18    18
D_B    -2.40417266667    10     6
AH2_S         2.00242     4     2
B_S    0.983733333333     5     3
AH0_S        0.648775     5     2
L_S        -5.3092975     4     2
Y_S     2.72026416667     8     3
UW2_S   1.50493714286    14     7
LAU               0.0     3     3
EH2_S  -2.54204496732    17     9
K_S    0.523632222222     9     3
S_S    -4.99742778947    19    10
W_S     1.49836157143    14     5
AY2_S  -2.76007474359    13     6
Z_B          1.079688    25    13
IY2_E  -1.44731636364    22    11
LAU    -2.75990657806   319   275
