10_3_ksa3wxx0_000016-000020
LAU    -19.6530242532    77    28
EH2_S        0.407685     6     3
K_S    -9.37592666667     3     2
S_S    -2.03982833333     4     3
L_S    -2.26942666667     3     3
AY2_S       -2.158677     5     2
K_S           0.04868     4     4
LAU     3.66324888889     9     9
B_S    -7.60254428571     7     3
L            -3.92505     4     4
EY2_S        -0.82585     4     2
D_S     7.42569666667     3     1
IH2_S   3.27037333333     3     3
NG_S   -14.5402766667     3     3
LAU    -1.36019458333     8     6
IH2_S  -9.96716333333     3     3
T_S    -8.97187333333     3     3
G_S    -1.29343666667     3     3
IH2_S  -2.16805666667     3     3
V_S     3.64776666667     3     3
Z_S    -1.78827734015    34    23
LAU    -3.74830763975    46    14
HH_S    1.27640666667     6     6
IY2_E  0.614571333333    15     5
F_S    -4.56916666667    12     4
UH2_S        1.877195     5     4
L_S          -3.24967    10     4
IH2_S  -5.39677866667     5     3
K_S           6.71066     3     1
S_S    -3.63170166667    12     4
AY2_S   2.18193378788    11     6
T_S          0.167475     3     2
M_S        -0.4005605     8     5
AH0_S       -1.614028    11     5
N_S   -0.950393333333     5     3
T_S         -3.180309     8     5
LAU    -3.76872504348    46    10
