10_3_ksa3wxx0_000020-000024
LAU        -2.2096975    12     4
LAU   -0.0245258229814    92    91
G_S           3.57786     7     7
IH2_S       1.9453725     4     4
V_S         -24.17125     3     2
Z_S    -12.4690633333     3     2
LAU    -4.95096025641    13     6
EH2_S  -11.4635690476    12     7
K_S     1.30279666667     3     1
S_S    0.935955454545    11     4
ER2_S   7.66375666667     6     2
S_S    -7.70012983333    15     4
AY2_S    -14.01708875    32    16
Z_S   -0.768871607143    56    38
LAU    -2.11451428079   129    27
