10_3_ksa3vxx0_000022-000029
LAU     6.36964209091    22     5
T_B    -13.5431783333     3     2
IY2_E  -34.2349433333     3     3
LAU        -8.2680475     4     1
LAU    -3.54212544643    48    21
S_S    -3.81375846154    13     6
AH2_S       -9.292786     5     3
M_S           -6.7592     4     2
TH_S     1.0908684127     9     7
IH2_S       -4.007345     4     4
NG_S   -19.4577783333     3     2
LAU    -2.33092282051    13     3
IH2_S  -8.91868666667     6     2
Z_S          0.223805     6     3
K_S       -2.17774375     8     4
AO2_S   2.83158464286     7     4
L_S   -0.831839166667     8     3
D_S   0.00944333333334     6     4
OW2_S  -8.64135666667     3     2
T_S         -4.319225    16     5
IY2_E         2.26209     8     4
B_S    -6.87810333333     6     3
AA2_S  -10.4859906944    18     8
K_S     5.09837095238     7     3
S_S   -0.959227121212    11     6
AH0_S        7.756235     4     1
N_S    -2.35000044118    24    17
D_S          -1.82387     8     6
LAU      -8.304117375    16    10
HH_S   -4.12577333333     9     3
OW2_S  -1.51737466667    10     3
P_S     4.75232533333     5     3
F_S     2.79593666667     4     3
AH0_S         1.98323     3     3
L_S         14.968555     3     2
IY2_S  -2.27317666667     3     3
Y_S    -15.2262766667     3     3
UW2_S        1.026616     5     5
L_S          -3.92251     6     4
HH_S    -1.6008647619     7     6
IH2_S         -1.2313     4     2
T_S         0.4223725     4     2
IH2_S       1.0816575     4     2
N_S    -1.01284833333     6     3
T_S    -3.44822428571     7     3
UW2_S       -6.026815     3     2
DH_S   -9.07892333333     3     1
AH0_S  -1.15805833333     3     2
F_S         -9.739035    16     8
EH2_S       10.983701     5     2
R_S     5.71599288889     9     5
W_S   -0.815043333333     5     3
EY2_S  0.950416666667     3     2
W_S          1.472946    11     5
IH2_S        -4.16821     3     1
CH_S   -3.26108285714     7     4
HH_S   -6.87744333333     3     3
AE2_S  -2.41217033333    10     3
Z_S          -4.22706    12    12
LAU       -2.12405375     8     6
R_S     1.14473416667     6     4
IH2_S        -3.18125     3     2
L           -2.317595     8     4
IY0_S         1.84951     3     1
SH_S   -4.53507428571    14     5
AO2_S       1.5595925     4     2
R_S    -1.35862166667     6     3
T_S         -2.841585     4     1
LAU    -8.95317129136    59    21
G_S       -10.1385625     8     4
R      -9.92943833333     6     3
AE2_S  -2.62012555556    18     9
S_S   -0.224178142857    14     5
LAU   0.00726985294118    68    68
