10_3_ksa3vxx0_000029-000032
LAU    -4.56335266667     9     5
Y_S     2.45814333333     6     4
UW1_S        -3.59083     4     2
LAU    -4.71159727273    11     4
EY2_B      -39.729885     3     2
T_S   -0.375222857143     7     2
IH2_S   2.48682708333     8     3
N_S         0.9691175     4     2
T_S     3.75296055556     9     4
UW2_S    2.7381787013    11     7
LAU    -2.98100363636    22     5
LAU    -9.44664666667     3     2
W_S         -9.210155     7     2
IH2_S  0.869793333333     3     1
CH_S   -3.00139464286     7     4
HH_S        -0.164675     3     2
AE2_S  0.619035833333     6     4
Z_S    -9.71598333333     8     3
LAU    -16.3142516667     3     2
LAU    -8.88969078788    33     5
G_S         -0.730775     6     2
R      -3.38681377778     9     5
AE2_S  -6.71474723684    19     8
S_S        -1.1920975    16     6
LAU    -10.0287998976    81    41
