01_1_ksc0sxx0_000031-000039
0       68.3624898746
111     11.9204626054
36      25.5386664891
66      35.3200183763
0       166.151934518
90      41.3695521475
12      18.3950225297
69        4.308156173
96      22.8428594345
21      14.2834114712
69      9.72757945894
117     35.9941732092
33      9.09535695002
42      13.0237886092
45      26.1007311955
21      33.5229400029
96      5.60562181071
0       19.9087487415
90      46.2842712357
12      10.0251814186
69      5.95045633556
96       29.452301002
21      7.98437770447
69      4.53782600772
117     28.7288984065
33      3.98652691396
42      24.1265376245
0       118.327120634
30      10.7112524834
78       23.751561354
72      4.24268007392
96      8.15103731634
0       406.572993084
