01_1_ksc0sxx0_000001-000027
24      8.12392777599
57       8.3953935889
90      73.7622808486
57      56.9184461466
0       82.2003215873
30      10.2792366412
57      54.9212759765
0        98.510848093
57      50.9458830585
0       75.6687319346
36      11.7671826507
45      25.7786336637
0       58.7086662087
60      27.3969995274
57      11.1954806872
0       125.993210826
42      25.6622243556
27      3.40175349577
0       64.1802967239
21      47.5607876091
0       27.3965541399
60      19.4917013595
42      47.0929292627
0       74.5396114359
63      36.4808104375
42      43.4211245791
0       64.3954047046
36      9.16624632991
66       39.197364826
0       119.553373704
36      27.9296492823
69      8.99826485849
0       116.783723432
36      27.5753367427
72      3.61887852258
0       93.8072191759
78      29.8666169507
0       59.4100515243
84      20.3974964308
57      10.0247159315
63      17.7176937207
114     67.8716057839
105      58.266903292
0       75.6836787188
6       49.7788168874
87      11.7581046269
0       68.3621246794
36       18.539050748
90      43.8001241748
0       187.919959113
96      16.0518210877
57      52.0666649324
0       42.2297182253
114     14.2500754148
105     59.6235125912
0       121.327239456
108     3.62304088848
57      47.2963009985
0       111.555042974
30      10.4492571177
12      5.20015982185
24      3.82063066046
12      3.91867005178
66      7.71447637041
114     7.44932966514
105     49.2920578963
0       132.205821272
36      10.1175237486
63       35.467143154
90       28.869262837
0       181.670073512
111      11.123652653
21      47.7705280713
0       53.0838068768
12      6.19700125679
72      30.7542233732
30      3.85312616433
117     6.61120889467
57      34.9634860199
0       384.860570645
