01_1_ksc0sxx0_000039-000067
12      3.41244720659
72      17.7064431733
30      16.2218372861
90      17.8492537783
12      15.7400212719
69      4.27640177569
96      13.4185137836
21      7.02521283972
69      4.48263194275
117     18.4947701895
21       18.945443147
84      25.8139356347
66      6.74548726832
42      22.8420538193
111     34.0972994565
54       7.4837934825
33      7.49841734743
0       386.263246906
33      14.3367004495
36      4.85968655273
87      34.1751909343
0       11.6102744119
30      7.81781378002
6       36.1083624562
66       11.193658795
117     43.2635213003
0       151.696694324
12      6.41783920086
72      15.7949236059
30      3.56025041736
0       164.369990193
33      3.87469034023
36      3.78196127455
87      17.9160626614
0       12.0687709062
24      6.18918892498
6       15.7115215456
87      23.4123730899
24      10.4563167051
57       36.059632738
117     36.9344258415
0       210.250045421
12      19.9856333381
72      3.96309256903
30      3.61266330834
0       329.892308382
33      8.90813415222
36      12.7429337883
87      29.0129911658
0       23.6504685406
69      5.11329569569
12        11.43760913
63      25.5214526861
30      6.44476651762
6       29.7882367231
72      4.13817942179
12      3.50487723615
66      23.3181401908
30      3.55062833925
0       6.25943223333
96      21.5026254013
81      45.3469932088
117     41.6115996429
0       250.008704514
12      21.7821196997
72      4.37161939775
30      3.91168931199
0       498.241094139
33      9.71404803253
36      56.8047107921
87      10.9186230621
0        1889.0509493
